lat_north = 25.019003
lat_south = 25.015104
lon_east  = 121.546914
lon_west  = 121.539173
datum_lat = 25.0170535
datum_lon = 121.543044
