lat_north = 21.312809
lat_south = 21.308181
lon_east  = -157.885651
lon_west  = -157.895575
datum_lat = 21.31
datum_lon = -157.89
//datum_lat = 43.824000
//datum_lon = -70.330000
