lat_north = 25.01646
lat_south = 25.01325
lon_east  = 121.53923
lon_west  = 121.53233
datum_lat = 25.314855
datum_lon = 121.53578








