lat_north = 24.811856
lat_south = 24.809241
lon_east  = 121.251044
lon_west  = 121.245902
datum_lat = 24.8105485
datum_lon = 121.248473