MOOSTimeWarp = $(WARP)
LatOrigin  = 24.808352
LongOrigin = 121.2496795

